0 4.3 0.6621923937360179
0 4.4 0.6576576576576576
0 4.4 0.653061224489796
0 4.4 0.6484018264840183
0 4.5 0.6436781609195401
0 4.6 0.638888888888889
0 4.6 0.634032634032634
0 4.6 0.6291079812206573
0 4.6 0.624113475177305
0 4.7 0.619047619047619
0 4.7 0.6139088729016787
0 4.8 0.608695652173913
0 4.8 0.6034063260340633
0 4.8 0.5980392156862745
0 4.8 0.5925925925925927
0 4.8 0.5870646766169154
0 4.9 0.5814536340852131
0 4.9 0.5757575757575757
0 4.9 0.5699745547073791
0 4.9 0.5641025641025641
0 4.9 0.5729051310446659
0 4.9 0.5812026515151516
0 5.0 0.5753737304576059
0 5.0 0.5694444444444445
0 5.0 0.5634133333333332
0 5.0 0.5572787427626137
0 5.0 0.5510388437217707
0 5.0 0.5446916471506635
0 5.0 0.5382350147240429
0 5.0 0.5316666666666666
0 5.0 0.5396223005331164
0 5.0 0.5467867231638418
0 5.1 0.5402745402745404
0 5.1 0.5336375929682218
0 5.1 0.5268737060041409
0 5.1 0.5199805068226121
0 5.1 0.5129554333094156
0 5.1 0.5057957393483709
0 5.1 0.49849849849849853
0 5.1 0.49106060606060603
0 5.1 0.49824718430670545
0 5.2 0.49074074074074064
0 5.2 0.4830833876693472
0 5.2 0.47527158376214973
0 5.2 0.4821164021164022
0 5.3 0.4742196209587514
0 5.4 0.4661571300695448
0 5.4 0.4579248366013072
0 5.4 0.449518421229878
0 5.4 0.44093333333333345
0 5.4 0.43216478510596157
0 5.4 0.4389063317634746
0 5.5 0.43000713220514813
0 5.5 0.4209104938271605
0 5.5 0.4273046251993621
0 5.5 0.43325734549138795
0 5.5 0.43878513488021126
0 5.5 0.443903048475762
0 5.5 0.4486248215061775
0 5.6 0.45296296296296296
0 5.6 0.45692883895131087
0 5.6 0.4605327468230694
0 5.6 0.4637839810253603
0 5.6 0.46669089147286824
0 5.6 0.4746907993966818
0 5.7 0.4660894660894661
0 5.7 0.45723191272552893
0 5.7 0.45994739359158304
0 5.7 0.46233673286813387
0 5.7 0.46440476190476204
0 5.7 0.46615558328876205
0 5.7 0.46759259259259256
0 5.7 0.47547885904050285
0 5.8 0.4666903745851115
0 5.8 0.467911111111111
0 5.8 0.46882408724513985
0 5.8 0.46943011326572975
0 5.8 0.4772079772079772
0 5.8 0.4846972128127413
0 5.8 0.49190476190476196
0 5.9 0.4923957774199321
0 5.9 0.4925872788139645
0 5.9 0.4996703230833782
0 6.0 0.49963924963924966
0 6.0 0.4993061840120663
0 6.0 0.4986676356589148
0 6.0 0.49771939427111844
0 6.0 0.5048875855327468
0 6.0 0.511819242340517
0 6.1 0.5107407407407407
0 6.1 0.5093437635810517
0 6.1 0.5076211894052974
0 6.1 0.5055649877381626
0 6.1 0.5126646403242148
0 6.1 0.5195534290271132
0 6.2 0.5173611111111112
0 6.2 0.5148155352395773
0 6.2 0.5217163788592359
0 6.2 0.5284214695979401
0 6.3 0.5257333333333333
0 6.3 0.5226645113490942
0 6.3 0.5191993464052288
0 6.3 0.5260621083798115
0 6.3 0.5327480490523968
0 6.3 0.5392592592592592
0 6.3 0.5455974842767295
0 6.3 0.551764109251612
0 6.3 0.5577601410934744
0 6.4 0.5546356380995001
0 6.4 0.551060606060606
0 6.4 0.5571725571725571
0 6.4 0.5631265664160401
0 6.4 0.5689229052060909
0 6.4 0.5745614035087719
0 6.4 0.5800414078674948
0 6.5 0.5767410412440839
0 6.5 0.5822325822325822
0 6.5 0.5875706214689266
0 6.5 0.5927532303243878
0 6.5 0.5977777777777779
0 6.6 0.5946613470124442
0 6.6 0.590944574551132
0 6.7 0.586570310147546
0 6.7 0.5814722911497106
0 6.7 0.5755733333333333
0 6.7 0.5813492063492064
0 6.7 0.5870135798242611
0 6.7 0.592566287878788
0 6.7 0.5980066445182725
0 6.7 0.6033333333333334
0 6.8 0.5972947636266237
0 6.8 0.6026936026936027
0 6.8 0.6079905646469114
0 6.9 0.6010572139303482
0 6.9 0.6064197530864197
0 6.9 0.6116946778711484
0 6.9 0.6168819015534344
0 7.0 0.608695652173913
0 7.1 0.6139088729016787
0 7.2 0.619047619047619
0 7.2 0.624113475177305
0 7.2 0.6291079812206573
0 7.3 0.634032634032634
0 7.4 0.638888888888889
0 7.6 0.6436781609195401
0 7.7 0.6484018264840183
0 7.7 0.653061224489796
0 7.7 0.6576576576576576
0 7.7 0.6621923937360179
1 2.0 0.6621923937360179
1 2.2 0.6576576576576576
1 2.2 0.653061224489796
1 2.2 0.6586757990867579
1 2.3 0.6629885057471263
1 2.3 0.6597222222222223
1 2.3 0.656010656010656
1 2.3 0.6519953051643194
1 2.4 0.6477541371158392
1 2.4 0.6433333333333333
1 2.4 0.6387617178984086
1 2.5 0.6340579710144927
1 2.5 0.6292345124461912
1 2.5 0.6242997198879552
1 2.5 0.6192592592592593
1 2.5 0.6253109452736317
1 2.5 0.6301046734483267
1 2.5 0.6338383838383839
1 2.5 0.6366680058925941
1 2.6 0.6325641025641026
1 2.6 0.6282761166482097
1 2.6 0.623816287878788
1 2.6 0.6267260070752025
1 2.6 0.6289682539682541
1 2.7 0.6248533333333333
1 2.7 0.6205541770057899
1 2.7 0.6160794941282747
1 2.7 0.6114363778298204
1 2.7 0.6066305690130142
1 2.7 0.6094444444444446
1 2.7 0.6117285623926991
1 2.7 0.613524011299435
1 2.7 0.6148666148666148
1 2.8 0.6107167004732927
1 2.8 0.6063768115942029
1 2.8 0.6018518518518519
1 2.8 0.5971458183847564
1 2.8 0.5922619047619048
1 2.8 0.5872025872025872
1 2.8 0.5892424242424241
1 2.8 0.5908853583948683
1 2.8 0.5921516754850088
1 2.8 0.5930594798232268
1 2.8 0.5936249285305889
1 2.8 0.593862433862434
1 2.8 0.5937848383500557
1 2.8 0.5934035667561799
1 2.9 0.6000816993464052
1 2.9 0.5962147235131677
1 2.9 0.5921333333333333
1 2.9 0.5878391760744701
1 2.9 0.5833333333333334
1 2.9 0.5786163522012578
1 2.9 0.5736882716049382
1 2.9 0.568548644338118
1 2.9 0.5688956433637286
1 2.9 0.5689492548575741
1 3.0 0.5758370814592704
1 3.0 0.5823554976097349
1 3.0 0.5885185185185186
1 3.0 0.5943390434088536
1 3.0 0.5998289345063538
1 3.0 0.6049990877577085
1 3.0 0.6004118217054264
1 3.0 0.5955957767722473
1 3.0 0.5905483405483405
1 3.0 0.5852664388898879
1 3.0 0.5797465327594453
1 3.0 0.5739846126319557
1 3.0 0.5679761904761904
1 3.0 0.5617162892969633
1 3.0 0.5626780626780628
1 3.0 0.5633635770622072
1 3.0 0.5637743006164059
1 3.0 0.563911111111111
1 3.0 0.5637743006164059
1 3.0 0.5633635770622072
1 3.0 0.5626780626780628
1 3.0 0.5617162892969633
1 3.0 0.5604761904761906
1 3.0 0.5589550903560566
1 3.0 0.5571496891439502
1 3.0 0.5550560450758256
1 3.1 0.5616883116883116
1 3.1 0.5680844645550527
1 3.1 0.5742490310077519
1 3.1 0.5801860974274767
1 3.1 0.5858993157380253
1 3.1 0.5807085405538159
1 3.1 0.5751851851851851
1 3.1 0.5693176879617557
1 3.1 0.5675912043978011
1 3.1 0.5655536691190342
1 3.1 0.5631965552178319
1 3.1 0.5605103668261563
1 3.2 0.5667438271604939
1 3.2 0.5727809116254944
1 3.2 0.5786237571951858
1 3.2 0.5842741136858783
1 3.2 0.5897333333333333
1 3.2 0.5840910621674412
1 3.2 0.5780228758169935
1 3.2 0.5715072643393238
1 3.2 0.5691192865105908
1 3.2 0.5663492063492064
1 3.2 0.5631789594053744
1 3.2 0.5595884952546548
1 3.2 0.5555555555555555
1 3.3 0.561796076676363
1 3.3 0.5678787878787879
1 3.3 0.5608685608685609
1 3.3 0.5565476190476191
1 3.3 0.5517021446224987
1 3.3 0.5462962962962963
1 3.4 0.552712215320911
1 3.4 0.5589925625422582
1 3.4 0.5651385651385651
1 3.4 0.5711511299435028
1 3.4 0.57703081232493
1 3.4 0.5827777777777777
1 3.4 0.588391754535955
1 3.4 0.5938719750195159
1 3.4 0.599217103282144
1 3.4 0.5920181968569066
1 3.4 0.5870933333333332
1 3.4 0.5813492063492064
1 3.5 0.5870135798242611
1 3.5 0.592566287878788
1 3.5 0.5980066445182725
1 3.5 0.6033333333333334
1 3.5 0.608544261416901
1 3.5 0.6136363636363638
1 3.6 0.6186053368715907
1 3.6 0.6234452736318408
1 3.6 0.6182716049382716
1 3.7 0.6232492997198879
1 3.7 0.628111547819577
1 3.7 0.6328502415458938
1 3.8 0.6374536734248963
1 3.8 0.641904761904762
1 3.8 0.6461780929866037
1 3.8 0.6502347417840376
1 3.8 0.646020646020646
1 3.8 0.638888888888889
1 3.9 0.6436781609195401
1 3.9 0.6484018264840183
1 4.0 0.653061224489796
1 4.1 0.6576576576576576
1 4.2 0.6621923937360179
2 1.0 0.6621923937360179
2 1.1 0.6576576576576576
2 1.2 0.653061224489796
2 1.2 0.6484018264840183
2 1.3 0.6436781609195401
2 1.3 0.638888888888889
2 1.3 0.634032634032634
2 1.3 0.6291079812206573
2 1.3 0.624113475177305
2 1.3 0.619047619047619
2 1.3 0.6139088729016787
2 1.4 0.608695652173913
2 1.4 0.6034063260340633
2 1.4 0.5980392156862745
2 1.4 0.5925925925925927
2 1.4 0.5870646766169154
2 1.4 0.5814536340852131
2 1.4 0.5757575757575757
2 1.4 0.5699745547073791
2 1.4 0.5641025641025641
2 1.4 0.5581395348837209
2 1.4 0.5520833333333334
2 1.4 0.5459317585301837
2 1.5 0.5396825396825398
2 1.5 0.5333333333333332
2 1.5 0.5268817204301075
2 1.5 0.5203252032520326
2 1.5 0.5136612021857923
2 1.5 0.5068870523415978
2 1.5 0.5
2 1.5 0.49299719887955185
2 1.5 0.4858757062146893
2 1.5 0.47863247863247865
2 1.5 0.47126436781609204
2 1.5 0.46376811594202894
2 1.5 0.45614035087719307
2 1.5 0.44837758112094395
2 1.6 0.44047619047619047
2 1.6 0.4324324324324324
2 1.6 0.4242424242424243
2 1.6 0.4159021406727828
2 1.6 0.40740740740740733
2 1.6 0.3987538940809968
2 1.6 0.389937106918239
2 1.7 0.380952380952381
2 1.7 0.37179487179487175
2 1.7 0.36245954692556637
2 1.7 0.35294117647058826
2 1.9 0.3432343234323433
2 1.9 0.3333333333333333
2 3.0 0.3430382253911666
2 3.3 0.3521716378859236
2 3.3 0.3607599040394217
2 3.5 0.3688271604938271
2 3.5 0.3763955342902712
2 3.6 0.38348530901722394
2 3.7 0.3901150726278061
2 3.8 0.3963018490754624
2 3.9 0.40206121562053765
2 3.9 0.40740740740740733
2 3.9 0.41235341069564685
2 4.0 0.4169110459433041
2 4.0 0.42109104178069706
2 4.0 0.4249031007751937
2 4.0 0.42835595776772245
2 4.0 0.43145743145743154
2 4.1 0.43421446981957684
2 4.1 0.43663318986131033
2 4.1 0.4387189121488638
2 4.2 0.44047619047619047
2 4.2 0.44190883698817385
2 4.2 0.443019943019943
2 4.2 0.44381189586669034
2 4.3 0.44428639165481265
2 4.3 0.44444444444444436
2 4.4 0.44428639165481265
2 4.4 0.44381189586669034
2 4.4 0.443019943019943
2 4.4 0.44190883698817385
2 4.5 0.44047619047619047
2 4.5 0.4387189121488638
2 4.5 0.43663318986131033
2 4.5 0.43421446981957684
2 4.5 0.43145743145743154
2 4.5 0.42835595776772245
2 4.5 0.4249031007751937
2 4.5 0.434227330779055
2 4.6 0.4304740957966764
2 4.6 0.4263523055197397
2 4.6 0.4218518518518518
2 4.7 0.41696156950394236
2 4.7 0.41166916541729126
2 4.7 0.40596113940765893
2 4.7 0.399822695035461
2 4.7 0.39323763955342905
2 4.8 0.3861882716049383
2 4.8 0.3786552551384296
2 4.8 0.38827838827838823
2 4.8 0.39770251534957424
2 4.9 0.3897333333333333
2 4.9 0.3812217956489527
2 4.9 0.39052287581699335
2 4.9 0.3996419472560765
2 4.9 0.40858416945373466
2 5.0 0.39957671957671953
2 5.0 0.4083762149799886
2 5.0 0.41701079475476355
2 5.0 0.42548500881834217
2 5.1 0.4159021406727828
2 5.1 0.4242424242424243
2 5.1 0.4324324324324324
2 5.1 0.44047619047619047
2 5.1 0.44837758112094395
2 5.1 0.45614035087719307
2 5.1 0.46376811594202894
2 5.1 0.47126436781609204
2 5.2 0.47863247863247865
2 5.2 0.4858757062146893
2 5.3 0.49299719887955185
2 5.3 0.5
2 5.4 0.5068870523415978
2 5.4 0.5136612021857923
2 5.5 0.5203252032520326
2 5.5 0.5268817204301075
2 5.5 0.5333333333333332
2 5.6 0.5396825396825398
2 5.6 0.5459317585301837
2 5.6 0.5520833333333334
2 5.6 0.5581395348837209
2 5.6 0.5641025641025641
2 5.6 0.5699745547073791
2 5.7 0.5757575757575757
2 5.7 0.5814536340852131
2 5.7 0.5870646766169154
2 5.8 0.5925925925925927
2 5.8 0.5980392156862744
2 5.8 0.6034063260340633
2 5.9 0.608695652173913
2 5.9 0.6139088729016787
2 6.0 0.619047619047619
2 6.0 0.624113475177305
2 6.1 0.6291079812206573
2 6.1 0.634032634032634
2 6.1 0.638888888888889
2 6.3 0.6436781609195401
2 6.4 0.6484018264840183
2 6.6 0.653061224489796
2 6.7 0.6576576576576576
2 6.7 0.6621923937360179
3 0.1 0.6621923937360179
3 0.1 0.6576576576576576
3 0.1 0.653061224489796
3 0.1 0.6484018264840183
3 0.1 0.6436781609195401
3 0.1 0.638888888888889
3 0.2 0.634032634032634
3 0.2 0.6291079812206573
3 0.2 0.624113475177305
3 0.2 0.619047619047619
3 0.2 0.6139088729016787
3 0.2 0.608695652173913
3 0.2 0.6034063260340633
3 0.2 0.5980392156862745
3 0.2 0.5925925925925927
3 0.2 0.5870646766169154
3 0.2 0.5814536340852131
3 0.2 0.5757575757575757
3 0.2 0.5699745547073791
3 0.2 0.5641025641025641
3 0.2 0.5581395348837209
3 0.2 0.5520833333333334
3 0.2 0.5459317585301837
3 0.2 0.5396825396825398
3 0.2 0.5333333333333332
3 0.2 0.5268817204301075
3 0.2 0.5203252032520326
3 0.2 0.5136612021857923
3 0.2 0.5068870523415978
3 0.2 0.5
3 0.2 0.49299719887955185
3 0.2 0.4858757062146893
3 0.2 0.47863247863247865
3 0.2 0.47126436781609204
3 0.3 0.46376811594202894
3 0.3 0.45614035087719307
3 0.3 0.44837758112094395
3 0.3 0.44047619047619047
3 0.3 0.4324324324324324
3 0.3 0.4242424242424243
3 0.3 0.4159021406727828
3 0.4 0.40740740740740733
3 0.4 0.3987538940809968
3 0.4 0.389937106918239
3 0.4 0.380952380952381
3 0.4 0.37179487179487175
3 0.4 0.36245954692556637
3 0.4 0.35294117647058826
3 0.5 0.3432343234323433
3 0.6 0.3333333333333333
3 1.0 0.3430382253911666
3 1.0 0.3521716378859236
3 1.0 0.3607599040394217
3 1.0 0.3688271604938271
3 1.0 0.3763955342902712
3 1.0 0.38348530901722394
3 1.0 0.3901150726278061
3 1.1 0.3963018490754624
3 1.1 0.40206121562053765
3 1.1 0.40740740740740733
3 1.2 0.41235341069564685
3 1.2 0.4169110459433041
3 1.2 0.42109104178069706
3 1.2 0.4249031007751937
3 1.2 0.42835595776772245
3 1.3 0.43145743145743154
3 1.3 0.43421446981957684
3 1.3 0.43663318986131033
3 1.3 0.4387189121488638
3 1.3 0.44047619047619047
3 1.3 0.44190883698817385
3 1.3 0.443019943019943
3 1.3 0.44381189586669034
3 1.3 0.44428639165481265
3 1.3 0.44444444444444436
3 1.3 0.44428639165481265
3 1.3 0.44381189586669034
3 1.3 0.443019943019943
3 1.4 0.44190883698817385
3 1.4 0.44047619047619047
3 1.4 0.4387189121488638
3 1.4 0.43663318986131033
3 1.4 0.43421446981957684
3 1.4 0.43145743145743154
3 1.4 0.42835595776772245
3 1.4 0.43762112403100767
3 1.5 0.434227330779055
3 1.5 0.4304740957966764
3 1.5 0.4263523055197397
3 1.5 0.4218518518518518
3 1.5 0.41696156950394236
3 1.5 0.41166916541729126
3 1.5 0.40596113940765893
3 1.5 0.399822695035461
3 1.5 0.39323763955342905
3 1.5 0.3861882716049383
3 1.5 0.39577254749400254
3 1.5 0.4051543694400838
3 1.6 0.39770251534957424
3 1.6 0.3897333333333333
3 1.6 0.3812217956489527
3 1.6 0.39052287581699335
3 1.7 0.38146388487227145
3 1.7 0.39060758082497216
3 1.8 0.380952380952381
3 1.8 0.389937106918239
3 1.8 0.3987538940809968
3 1.8 0.40740740740740733
3 1.8 0.4159021406727828
3 1.8 0.4242424242424243
3 1.8 0.4324324324324324
3 1.8 0.44047619047619047
3 1.8 0.44837758112094395
3 1.8 0.45614035087719307
3 1.8 0.46376811594202894
3 1.8 0.47126436781609204
3 1.9 0.47863247863247865
3 1.9 0.4858757062146893
3 1.9 0.49299719887955185
3 1.9 0.5
3 1.9 0.5068870523415978
3 2.0 0.5136612021857923
3 2.0 0.5203252032520326
3 2.0 0.5268817204301075
3 2.0 0.5333333333333332
3 2.0 0.5396825396825398
3 2.0 0.5459317585301837
3 2.1 0.5520833333333334
3 2.1 0.5581395348837209
3 2.1 0.5641025641025641
3 2.1 0.5699745547073791
3 2.1 0.5757575757575757
3 2.1 0.5814536340852131
3 2.2 0.5870646766169154
3 2.2 0.5925925925925927
3 2.2 0.5980392156862744
3 2.3 0.6034063260340633
3 2.3 0.608695652173913
3 2.3 0.6139088729016787
3 2.3 0.619047619047619
3 2.3 0.624113475177305
3 2.3 0.6291079812206573
3 2.3 0.634032634032634
3 2.3 0.638888888888889
3 2.4 0.6436781609195401
3 2.4 0.6484018264840183
3 2.4 0.653061224489796
3 2.5 0.6576576576576576
3 2.5 0.6621923937360179
